# Timer data started: Sun Apr 11 10:40:43 2021
# timer(10 ns), starts, total starts, total stops
51, 19, 19, 1
1596, 551, 570, 2
23, 743, 1313, 3
465, 235, 1548, 4
826, 810, 2358, 5
3207, 692, 3050, 6
4030, 88, 3138, 7
50, 825, 3963, 8
31, 629, 4592, 9
205, 124, 4716, 10
133, 267, 4983, 11
1440, 1065, 6048, 12
1519, 1913, 7961, 13
2245, 47, 8008, 14
999, 45, 8053, 15
971, 50, 8103, 16
1521, 307, 8410, 17
781, 180, 8590, 18
571, 413, 9003, 19
365, 37, 9040, 20
1796, 292, 9332, 21
17, 317, 9649, 22
1320, 582, 10231, 23
4038, 4474, 14705, 24
51, 505, 15210, 25
153, 1069, 16279, 26
3518, 9, 16288, 27
263, 383, 16671, 28
1008, 131, 16802, 29
117, 1236, 18038, 30
3704, 130, 18168, 31
1975, 191, 18359, 32
2993, 1632, 19991, 33
727, 1149, 21140, 34
54, 61, 21201, 35
3058, 1318, 22519, 36
3153, 678, 23197, 37
2267, 866, 24063, 38
571, 840, 24903, 39
2071, 94, 24997, 40
984, 2433, 27430, 41
3976, 233, 27663, 42
792, 376, 28039, 43
995, 175, 28214, 44
1131, 81, 28295, 45
2366, 498, 28793, 46
16, 1072, 29865, 47
124, 269, 30134, 48
3243, 894, 31028, 49
3635, 1475, 32503, 50
39, 756, 33259, 51
469, 18, 33277, 52
3251, 8, 33285, 53
909, 724, 34009, 54
3168, 4, 34013, 55
841, 740, 34753, 56
2987, 245, 34998, 57
2336, 2950, 37948, 58
215, 1841, 39789, 59
121, 134, 39923, 60
108, 478, 40401, 61
1375, 727, 41128, 62
2563, 1370, 42498, 63
45, 108, 42606, 64
65, 1293, 43899, 65
2722, 808, 44707, 66
1656, 710, 45417, 67
162, 412, 45829, 68
167, 68, 45897, 69
3743, 42, 45939, 70
4074, 287, 46226, 71
1650, 483, 46709, 72
498, 164, 46873, 73
105, 424, 47297, 74
107, 69, 47366, 75
2839, 452, 47818, 76
344, 823, 48641, 77
134, 643, 49284, 78
3132, 20, 49304, 79
2495, 385, 49689, 80
3731, 1388, 51077, 81
223, 791, 51868, 82
285, 13, 51881, 83
912, 177, 52058, 84
920, 140, 52198, 85
3344, 119, 52317, 86
923, 503, 52820, 87
2940, 16, 52836, 88
1017, 422, 53258, 89
2442, 378, 53636, 90
315, 104, 53740, 91
182, 399, 54139, 92
315, 129, 54268, 93
1008, 1280, 55548, 94
3281, 296, 55844, 95
3536, 63, 55907, 96
3143, 1241, 57148, 97
648, 1636, 58784, 98
55, 362, 59146, 99
20, 1509, 60655, 100
1087, 765, 61420, 101
2619, 736, 62156, 102
3858, 1173, 63329, 103
3441, 71, 63400, 104
2710, 605, 64005, 105
327, 229, 64234, 106
1516, 34, 64268, 107
163, 447, 64715, 108
176, 99, 64814, 109
2340, 661, 65475, 110
1245, 1115, 66590, 111
3513, 247, 66837, 112
104, 105, 66942, 113
276, 246, 67188, 114
2142, 1404, 68592, 115
1275, 846, 69438, 116
15, 280, 69718, 117
3419, 15, 69733, 118
3871, 988, 70721, 119
3923, 170, 70891, 120
1323, 247, 71138, 121
1276, 371, 71509, 122
583, 27, 71536, 123
152, 167, 71703, 124
2670, 607, 72310, 125
2738, 5, 72315, 126
352, 105, 72420, 127
2056, 541, 72961, 128
553, 659, 73620, 129
165, 248, 73868, 130
248, 172, 74040, 131
24, 16, 74056, 132
233, 857, 74913, 133
671, 401, 75314, 134
828, 93, 75407, 135
990, 374, 75781, 136
2577, 293, 76074, 137
690, 184, 76258, 138
1429, 680, 76938, 139
1498, 31, 76969, 140
3947, 173, 77142, 141
294, 248, 77390, 142
1504, 35, 77425, 143
2088, 194, 77619, 144
14, 390, 78009, 145
4039, 1885, 79894, 146
3082, 367, 80261, 147
3676, 234, 80495, 148
75, 158, 80653, 149
161, 77, 80730, 150
2637, 279, 81009, 151
3722, 343, 81352, 152
1155, 33, 81385, 153
302, 2814, 84199, 154
62, 6, 84205, 155
3245, 88, 84293, 156
1132, 297, 84590, 157
2363, 411, 85001, 158
283, 369, 85370, 159
865, 925, 86295, 160
2853, 432, 86727, 161
15, 2395, 89122, 162
2888, 141, 89263, 163
929, 307, 89570, 164
2421, 1211, 90781, 165
2975, 340, 91121, 166
2247, 521, 91642, 167
2715, 27, 91669, 168
199, 370, 92039, 169
3676, 930, 92969, 170
3933, 95, 93064, 171
2502, 888, 93952, 172
1602, 432, 94384, 173
2939, 327, 94711, 174
3053, 83, 94794, 175
308, 841, 95635, 176
271, 622, 96257, 177
3374, 15, 96272, 178
1282, 193, 96465, 179
3821, 2101, 98566, 180
912, 433, 98999, 181
3019, 343, 99342, 182
1291, 541, 99883, 183
193, 1185, 101068, 184
292, 216, 101284, 185
495, 322, 101606, 186
143, 203, 101809, 187
2468, 653, 102462, 188
898, 2228, 104690, 189
2299, 76, 104766, 190
74, 184, 104950, 191
67, 493, 105443, 192
1913, 3161, 108604, 193
3013, 91, 108695, 194
3020, 1357, 110052, 195
436, 516, 110568, 196
2473, 39, 110607, 197
305, 1627, 112234, 198
3674, 293, 112527, 199
1136, 44, 112571, 200
3249, 212, 112783, 201
3638, 277, 113060, 202
3148, 1745, 114805, 203
95, 188, 114993, 204
4053, 182, 115175, 205
2864, 127, 115302, 206
1175, 658, 115960, 207
1049, 1369, 117329, 208
535, 707, 118036, 209
2292, 386, 118422, 210
2717, 1765, 120187, 211
804, 275, 120462, 212
3915, 1444, 121906, 213
3889, 388, 122294, 214
1726, 1025, 123319, 215
3938, 358, 123677, 216
1826, 515, 124192, 217
360, 17, 124209, 218
2012, 94, 124303, 219
3871, 210, 124513, 220
2590, 39, 124552, 221
1741, 410, 124962, 222
3417, 286, 125248, 223
1081, 901, 126149, 224
2570, 430, 126579, 225
3369, 583, 127162, 226
1592, 1312, 128474, 227
29, 111, 128585, 228
1123, 176, 128761, 229
1433, 1205, 129966, 230
568, 339, 130305, 231
921, 757, 131062, 232
637, 89, 131151, 233
99, 594, 131745, 234
55, 10, 131755, 235
937, 850, 132605, 236
3776, 369, 132974, 237
3841, 111, 133085, 238
1707, 74, 133159, 239
3772, 755, 133914, 240
343, 315, 134229, 241
825, 1182, 135411, 242
3820, 1261, 136672, 243
3271, 152, 136824, 244
1700, 769, 137593, 245
2106, 1046, 138639, 246
1392, 235, 138874, 247
128, 793, 139667, 248
2050, 2445, 142112, 249
2131, 16, 142128, 250
3529, 744, 142872, 251
349, 324, 143196, 252
1325, 402, 143598, 253
1876, 975, 144573, 254
1239, 1773, 146346, 255
23, 352, 146698, 256
3184, 47, 146745, 257
197, 420, 147165, 258
3937, 246, 147411, 259
925, 457, 147868, 260
3162, 957, 148825, 261
2119, 551, 149376, 262
381, 825, 150201, 263
186, 748, 150949, 264
2126, 86, 151035, 265
3269, 494, 151529, 266
2892, 1177, 152706, 267
3066, 1219, 153925, 268
813, 852, 154777, 269
4090, 857, 155634, 270
4056, 267, 155901, 271
2063, 458, 156359, 272
2574, 515, 156874, 273
149, 80, 156954, 274
1354, 729, 157683, 275
1485, 213, 157896, 276
350, 87, 157983, 277
1164, 1487, 159470, 278
1262, 1160, 160630, 279
254, 627, 161257, 280
4052, 254, 161511, 281
322, 323, 161834, 282
898, 1422, 163256, 283
3097, 991, 164247, 284
224, 401, 164648, 285
183, 106, 164754, 286
1634, 1668, 166422, 287
2223, 345, 166767, 288
3031, 696, 167463, 289
1245, 51, 167514, 290
645, 640, 168154, 291
1384, 323, 168477, 292
360, 1223, 169700, 293
2547, 101, 169801, 294
654, 76, 169877, 295
861, 806, 170683, 296
3017, 7, 170690, 297
352, 42, 170732, 298
3759, 1332, 172064, 299
166, 1846, 173910, 300
349, 1148, 175058, 301
2874, 1049, 176107, 302
1584, 155, 176262, 303
1876, 320, 176582, 304
903, 2087, 178669, 305
3315, 747, 179416, 306
1555, 1702, 181118, 307
137, 393, 181511, 308
3489, 500, 182011, 309
2291, 796, 182807, 310
3500, 434, 183241, 311
879, 1258, 184499, 312
3932, 194, 184693, 313
2938, 576, 185269, 314
3682, 488, 185757, 315
950, 1141, 186898, 316
99, 528, 187426, 317
798, 1573, 188999, 318
155, 438, 189437, 319
3724, 63, 189500, 320
3500, 535, 190035, 321
1954, 785, 190820, 322
3243, 59, 190879, 323
3958, 774, 191653, 324
1161, 86, 191739, 325
2197, 161, 191900, 326
2667, 714, 192614, 327
2268, 398, 193012, 328
1590, 216, 193228, 329
1141, 1029, 194257, 330
713, 947, 195204, 331
957, 541, 195745, 332
731, 150, 195895, 333
133, 30, 195925, 334
2473, 77, 196002, 335
3516, 626, 196628, 336
3177, 730, 197358, 337
2263, 359, 197717, 338
2121, 479, 198196, 339
124, 2054, 200250, 340
2467, 1577, 201827, 341
2884, 167, 201994, 342
289, 899, 202893, 343
3008, 1344, 204237, 344
1298, 1065, 205302, 345
2787, 751, 206053, 346
885, 124, 206177, 347
2551, 247, 206424, 348
305, 759, 207183, 349
1776, 974, 208157, 350
3534, 679, 208836, 351
133, 96, 208932, 352
189, 76, 209008, 353
2018, 289, 209297, 354
2160, 518, 209815, 355
713, 571, 210386, 356
3516, 130, 210516, 357
631, 268, 210784, 358
2450, 229, 211013, 359
865, 480, 211493, 360
3447, 795, 212288, 361
48, 1104, 213392, 362
1019, 3, 213395, 363
205, 176, 213571, 364
2005, 248, 213819, 365
199, 64, 213883, 366
2728, 459, 214342, 367
3518, 664, 215006, 368
497, 943, 215949, 369
2947, 1354, 217303, 370
4018, 130, 217433, 371
664, 286, 217719, 372
1571, 1391, 219110, 373
176, 1817, 220927, 374
364, 661, 221588, 375
291, 505, 222093, 376
874, 1804, 223897, 377
2707, 879, 224776, 378
2218, 1456, 226232, 379
232, 981, 227213, 380
67, 56, 227269, 381
294, 352, 227621, 382
1483, 846, 228467, 383
3259, 1102, 229569, 384
647, 260, 229829, 385
1374, 57, 229886, 386
2544, 215, 230101, 387
2548, 234, 230335, 388
81, 1027, 231362, 389
117, 167, 231529, 390
640, 927, 232456, 391
2992, 1118, 233574, 392
97, 386, 233960, 393
1371, 106, 234066, 394
2391, 149, 234215, 395
642, 218, 234433, 396
636, 785, 235218, 397
2620, 18, 235236, 398
1420, 294, 235530, 399
153, 712, 236242, 400
149, 391, 236633, 401
3880, 1919, 238552, 402
1906, 727, 239279, 403
2570, 811, 240090, 404
835, 617, 240707, 405
102, 642, 241349, 406
121, 186, 241535, 407
180, 430, 241965, 408
112, 1662, 243627, 409
1582, 10, 243637, 410
3870, 1163, 244800, 411
1134, 646, 245446, 412
3894, 968, 246414, 413
329, 252, 246666, 414
157, 4002, 250668, 415
2204, 816, 251484, 416
2430, 438, 251922, 417
76, 779, 252701, 418
538, 635, 253336, 419
1446, 710, 254046, 420
174, 19, 254065, 421
2208, 836, 254901, 422
1149, 126, 255027, 423
2391, 680, 255707, 424
2727, 599, 256306, 425
2745, 847, 257153, 426
147, 206, 257359, 427
322, 332, 257691, 428
1503, 837, 258528, 429
3933, 1115, 259643, 430
1281, 362, 260005, 431
1170, 816, 260821, 432
480, 1, 260822, 433
3641, 52, 260874, 434
1235, 1285, 262159, 435
3798, 146, 262305, 436
13, 163, 262468, 437
104, 1622, 264090, 438
3825, 144, 264234, 439
232, 609, 264843, 440
3513, 437, 265280, 441
121, 1131, 266411, 442
113, 760, 267171, 443
128, 261, 267432, 444
105, 74, 267506, 445
3779, 958, 268464, 446
2932, 450, 268914, 447
3666, 146, 269060, 448
2654, 8, 269068, 449
1137, 214, 269282, 450
2872, 330, 269612, 451
1679, 735, 270347, 452
24, 541, 270888, 453
2912, 544, 271432, 454
4037, 1984, 273416, 455
2216, 1654, 275070, 456
1894, 743, 275813, 457
229, 156, 275969, 458
1188, 126, 276095, 459
3208, 26, 276121, 460
527, 2850, 278971, 461
740, 634, 279605, 462
328, 1657, 281262, 463
42, 172, 281434, 464
2409, 354, 281788, 465
944, 663, 282451, 466
1261, 232, 282683, 467
186, 561, 283244, 468
1161, 30, 283274, 469
69, 1955, 285229, 470
19, 614, 285843, 471
3723, 218, 286061, 472
165, 335, 286396, 473
3479, 379, 286775, 474
3713, 299, 287074, 475
1498, 501, 287575, 476
1010, 491, 288066, 477
20, 1546, 289612, 478
393, 29, 289641, 479
1959, 654, 290295, 480
1865, 574, 290869, 481
1577, 1882, 292751, 482
49, 1151, 293902, 483
1012, 209, 294111, 484
3113, 419, 294530, 485
2782, 44, 294574, 486
121, 179, 294753, 487
2128, 80, 294833, 488
16, 112, 294945, 489
200, 3151, 298096, 490
587, 1083, 299179, 491
485, 1841, 301020, 492
3276, 393, 301413, 493
2759, 1511, 302924, 494
1941, 323, 303247, 495
1753, 1316, 304563, 496
740, 396, 304959, 497
417, 1144, 306103, 498
3164, 78, 306181, 499
1700, 555, 306736, 500
380, 944, 307680, 501
1661, 1023, 308703, 502
2974, 967, 309670, 503
822, 135, 309805, 504
1757, 2826, 312631, 505
3120, 2, 312633, 506
2086, 36, 312669, 507
3516, 18, 312687, 508
52, 374, 313061, 509
2879, 144, 313205, 510
1341, 828, 314033, 511
27, 53, 314086, 512
2008, 73, 314159, 513
4052, 568, 314727, 514
1410, 1025, 315752, 515
3265, 704, 316456, 516
1427, 2482, 318938, 517
3785, 1156, 320094, 518
1974, 399, 320493, 519
2973, 61, 320554, 520
256, 460, 321014, 521
3093, 120, 321134, 522
4003, 960, 322094, 523
3151, 185, 322279, 524
564, 422, 322701, 525
3291, 1585, 324286, 526
4017, 111, 324397, 527
289, 141, 324538, 528
1389, 368, 324906, 529
3973, 627, 325533, 530
262, 4, 325537, 531
2025, 885, 326422, 532
2471, 1191, 327613, 533
148, 165, 327778, 534
24, 330, 328108, 535
3696, 1089, 329197, 536
3443, 214, 329411, 537
3407, 217, 329628, 538
134, 593, 330221, 539
2003, 199, 330420, 540
24, 622, 331042, 541
3272, 117, 331159, 542
2841, 188, 331347, 543
405, 24, 331371, 544
167, 1164, 332535, 545
1233, 47, 332582, 546
4027, 844, 333426, 547
59, 581, 334007, 548
2172, 105, 334112, 549
1482, 442, 334554, 550
2445, 543, 335097, 551
1725, 275, 335372, 552
2690, 99, 335471, 553
4018, 778, 336249, 554
3880, 121, 336370, 555
258, 35, 336405, 556
2219, 456, 336861, 557
3553, 162, 337023, 558
1054, 340, 337363, 559
1267, 481, 337844, 560
145, 190, 338034, 561
248, 226, 338260, 562
3865, 478, 338738, 563
993, 112, 338850, 564
17, 1027, 339877, 565
1276, 359, 340236, 566
3913, 825, 341061, 567
2766, 1050, 342111, 568
3832, 1826, 343937, 569
85, 190, 344127, 570
3700, 470, 344597, 571
3267, 48, 344645, 572
1496, 511, 345156, 573
3516, 299, 345455, 574
3841, 844, 346299, 575
89, 72, 346371, 576
1466, 169, 346540, 577
1712, 592, 347132, 578
1489, 880, 348012, 579
3612, 530, 348542, 580
1739, 1590, 350132, 581
2667, 6, 350138, 582
3206, 406, 350544, 583
3813, 663, 351207, 584
1189, 44, 351251, 585
3167, 607, 351858, 586
929, 364, 352222, 587
2271, 664, 352886, 588
1199, 294, 353180, 589
1630, 237, 353417, 590
3617, 664, 354081, 591
1429, 336, 354417, 592
369, 604, 355021, 593
3206, 544, 355565, 594
711, 1968, 357533, 595
2376, 362, 357895, 596
858, 236, 358131, 597
2781, 357, 358488, 598
4054, 1026, 359514, 599
2296, 357, 359871, 600
208, 64, 359935, 601
3942, 196, 360131, 602
3260, 477, 360608, 603
1795, 243, 360851, 604
1237, 653, 361504, 605
57, 25, 361529, 606
186, 58, 361587, 607
46, 584, 362171, 608
2921, 336, 362507, 609
129, 252, 362759, 610
933, 828, 363587, 611
310, 526, 364113, 612
355, 538, 364651, 613
897, 921, 365572, 614
2623, 854, 366426, 615
3024, 414, 366840, 616
437, 830, 367670, 617
76, 1045, 368715, 618
1494, 359, 369074, 619
972, 8, 369082, 620
308, 1036, 370118, 621
2911, 1502, 371620, 622
2571, 104, 371724, 623
854, 600, 372324, 624
2186, 804, 373128, 625
156, 1205, 374333, 626
3835, 1305, 375638, 627
1252, 926, 376564, 628
1901, 682, 377246, 629
3215, 359, 377605, 630
498, 622, 378227, 631
1501, 325, 378552, 632
14, 84, 378636, 633
96, 1108, 379744, 634
472, 53, 379797, 635
1082, 725, 380522, 636
504, 427, 380949, 637
1310, 171, 381120, 638
3571, 1024, 382144, 639
2729, 62, 382206, 640
2856, 1076, 383282, 641
27, 1357, 384639, 642
3218, 98, 384737, 643
183, 853, 385590, 644
169, 419, 386009, 645
3986, 1013, 387022, 646
1134, 94, 387116, 647
594, 1017, 388133, 648
1119, 347, 388480, 649
565, 70, 388550, 650
40, 20, 388570, 651
2170, 599, 389169, 652
3599, 372, 389541, 653
1692, 296, 389837, 654
129, 759, 390596, 655
2371, 2362, 392958, 656
1320, 114, 393072, 657
296, 309, 393381, 658
108, 509, 393890, 659
3120, 1598, 395488, 660
1966, 1507, 396995, 661
121, 309, 397304, 662
3920, 207, 397511, 663
2542, 382, 397893, 664
3233, 456, 398349, 665
1704, 81, 398430, 666
140, 629, 399059, 667
1538, 411, 399470, 668
15, 899, 400369, 669
902, 62, 400431, 670
1579, 539, 400970, 671
240, 680, 401650, 672
1134, 325, 401975, 673
30, 556, 402531, 674
3070, 633, 403164, 675
3499, 1315, 404479, 676
2791, 18, 404497, 677
338, 300, 404797, 678
2279, 233, 405030, 679
857, 1719, 406749, 680
3533, 825, 407574, 681
298, 293, 407867, 682
2861, 2717, 410584, 683
1397, 127, 410711, 684
3795, 283, 410994, 685
3987, 323, 411317, 686
3753, 177, 411494, 687
3133, 399, 411893, 688
4052, 47, 411940, 689
877, 835, 412775, 690
1052, 1189, 413964, 691
2947, 774, 414738, 692
57, 132, 414870, 693
4043, 867, 415737, 694
1792, 171, 415908, 695
3222, 70, 415978, 696
286, 220, 416198, 697
1775, 424, 416622, 698
3688, 80, 416702, 699
3359, 529, 417231, 700
847, 498, 417729, 701
891, 1850, 419579, 702
2922, 104, 419683, 703
3619, 614, 420297, 704
2785, 394, 420691, 705
3031, 29, 420720, 706
4021, 591, 421311, 707
3488, 1411, 422722, 708
70, 2419, 425141, 709
1735, 725, 425866, 710
1965, 312, 426178, 711
2336, 2987, 429165, 712
3078, 2202, 431367, 713
151, 521, 431888, 714
1370, 283, 432171, 715
1905, 1337, 433508, 716
4073, 2849, 436357, 717
901, 407, 436764, 718
791, 1678, 438442, 719
72, 755, 439197, 720
3476, 187, 439384, 721
161, 620, 440004, 722
3934, 156, 440160, 723
303, 1077, 441237, 724
2242, 304, 441541, 725
3489, 67, 441608, 726
3448, 40, 441648, 727
1213, 42, 441690, 728
4013, 476, 442166, 729
1171, 278, 442444, 730
2053, 1133, 443577, 731
1495, 696, 444273, 732
3637, 510, 444783, 733
3573, 1036, 445819, 734
338, 2071, 447890, 735
1215, 638, 448528, 736
3316, 82, 448610, 737
2822, 114, 448724, 738
1826, 82, 448806, 739
663, 112, 448918, 740
776, 477, 449395, 741
2173, 349, 449744, 742
128, 422, 450166, 743
924, 185, 450351, 744
859, 380, 450731, 745
298, 698, 451429, 746
38, 1210, 452639, 747
3500, 319, 452958, 748
2285, 340, 453298, 749
2369, 1353, 454651, 750
4060, 274, 454925, 751
1507, 415, 455340, 752
3018, 179, 455519, 753
515, 543, 456062, 754
1595, 192, 456254, 755
257, 9, 456263, 756
268, 305, 456568, 757
1878, 520, 457088, 758
2141, 1604, 458692, 759
3645, 1262, 459954, 760
2493, 297, 460251, 761
3261, 47, 460298, 762
1328, 3322, 463620, 763
1292, 67, 463687, 764
2882, 799, 464486, 765
3366, 159, 464645, 766
368, 533, 465178, 767
1146, 716, 465894, 768
3647, 118, 466012, 769
2630, 158, 466170, 770
2155, 154, 466324, 771
3039, 729, 467053, 772
3108, 545, 467598, 773
2589, 94, 467692, 774
331, 1784, 469476, 775
3645, 391, 469867, 776
56, 455, 470322, 777
48, 2, 470324, 778
618, 1281, 471605, 779
3045, 1433, 473038, 780
110, 1002, 474040, 781
2240, 259, 474299, 782
2577, 601, 474900, 783
2077, 926, 475826, 784
1671, 810, 476636, 785
1164, 214, 476850, 786
501, 239, 477089, 787
320, 360, 477449, 788
164, 354, 477803, 789
2846, 253, 478056, 790
2476, 1097, 479153, 791
1320, 398, 479551, 792
114, 1657, 481208, 793
3725, 539, 481747, 794
3010, 1849, 483596, 795
3076, 48, 483644, 796
971, 137, 483781, 797
3382, 264, 484045, 798
2322, 87, 484132, 799
1943, 156, 484288, 800
161, 741, 485029, 801
2156, 2823, 487852, 802
3704, 98, 487950, 803
1748, 785, 488735, 804
2489, 1064, 489799, 805
2366, 79, 489878, 806
2965, 47, 489925, 807
2718, 19, 489944, 808
1245, 1409, 491353, 809
31, 1233, 492586, 810
143, 19, 492605, 811
349, 244, 492849, 812
2999, 9, 492858, 813
3447, 31, 492889, 814
1054, 340, 493229, 815
2007, 29, 493258, 816
1551, 591, 493849, 817
3096, 1714, 495563, 818
3200, 763, 496326, 819
3946, 1, 496327, 820
2291, 302, 496629, 821
144, 815, 497444, 822
1662, 136, 497580, 823
1110, 188, 497768, 824
41, 530, 498298, 825
31, 686, 498984, 826
1806, 72, 499056, 827
2338, 2912, 501968, 828
247, 11, 501979, 829
3399, 536, 502515, 830
140, 274, 502789, 831
606, 1114, 503903, 832
130, 1323, 505226, 833
1145, 153, 505379, 834
583, 56, 505435, 835
139, 1534, 506969, 836
281, 380, 507349, 837
1455, 99, 507448, 838
3456, 952, 508400, 839
364, 562, 508962, 840
84, 501, 509463, 841
1693, 15, 509478, 842
13, 768, 510246, 843
3441, 383, 510629, 844
2198, 402, 511031, 845
3241, 623, 511654, 846
2079, 89, 511743, 847
515, 761, 512504, 848
2992, 193, 512697, 849
926, 161, 512858, 850
193, 242, 513100, 851
3754, 38, 513138, 852
281, 886, 514024, 853
1053, 749, 514773, 854
3926, 1036, 515809, 855
580, 2001, 517810, 856
131, 160, 517970, 857
814, 41, 518011, 858
2181, 1965, 519976, 859
2706, 162, 520138, 860
3454, 61, 520199, 861
1213, 1103, 521302, 862
141, 28, 521330, 863
3171, 648, 521978, 864
518, 356, 522334, 865
76, 987, 523321, 866
1291, 116, 523437, 867
2076, 323, 523760, 868
698, 1718, 525478, 869
1031, 239, 525717, 870
244, 893, 526610, 871
1398, 98, 526708, 872
235, 154, 526862, 873
30, 1512, 528374, 874
3086, 959, 529333, 875
2031, 116, 529449, 876
4068, 99, 529548, 877
124, 437, 529985, 878
1966, 124, 530109, 879
261, 789, 530898, 880
1968, 1206, 532104, 881
1513, 1590, 533694, 882
4075, 217, 533911, 883
3807, 631, 534542, 884
2694, 906, 535448, 885
2488, 37, 535485, 886
53, 255, 535740, 887
800, 7, 535747, 888
277, 420, 536167, 889
101, 1533, 537700, 890
1014, 345, 538045, 891
106, 270, 538315, 892
27, 698, 539013, 893
1590, 683, 539696, 894
2044, 778, 540474, 895
644, 154, 540628, 896
2114, 1322, 541950, 897
1355, 949, 542899, 898
3457, 60, 542959, 899
1484, 1318, 544277, 900
2415, 901, 545178, 901
2403, 40, 545218, 902
3414, 26, 545244, 903
287, 445, 545689, 904
598, 413, 546102, 905
3623, 64, 546166, 906
3466, 1652, 547818, 907
1081, 619, 548437, 908
939, 417, 548854, 909
3301, 14, 548868, 910
1932, 602, 549470, 911
344, 569, 550039, 912
664, 12, 550051, 913
634, 1026, 551077, 914
314, 594, 551671, 915
153, 1210, 552881, 916
2790, 631, 553512, 917
560, 4005, 557517, 918
2565, 114, 557631, 919
3990, 81, 557712, 920
2724, 291, 558003, 921
1980, 1000, 559003, 922
143, 2560, 561563, 923
1415, 337, 561900, 924
728, 429, 562329, 925
981, 368, 562697, 926
3127, 1454, 564151, 927
1190, 1589, 565740, 928
259, 76, 565816, 929
3427, 18, 565834, 930
412, 529, 566363, 931
1858, 19, 566382, 932
1097, 234, 566616, 933
3903, 2079, 568695, 934
35, 137, 568832, 935
141, 1469, 570301, 936
1594, 584, 570885, 937
3229, 32, 570917, 938
1634, 531, 571448, 939
761, 1257, 572705, 940
1000, 84, 572789, 941
323, 360, 573149, 942
129, 501, 573650, 943
471, 120, 573770, 944
159, 374, 574144, 945
349, 392, 574536, 946
2424, 97, 574633, 947
2293, 420, 575053, 948
1182, 1240, 576293, 949
422, 101, 576394, 950
2668, 847, 577241, 951
1298, 1115, 578356, 952
572, 24, 578380, 953
2299, 34, 578414, 954
1189, 269, 578683, 955
3939, 797, 579480, 956
1249, 110, 579590, 957
248, 139, 579729, 958
3577, 342, 580071, 959
266, 200, 580271, 960
1959, 187, 580458, 961
3546, 124, 580582, 962
31, 204, 580786, 963
115, 754, 581540, 964
2820, 776, 582316, 965
2818, 1925, 584241, 966
1695, 40, 584281, 967
1833, 970, 585251, 968
387, 148, 585399, 969
3056, 416, 585815, 970
2571, 521, 586336, 971
453, 1392, 587728, 972
228, 1391, 589119, 973
131, 267, 589386, 974
546, 326, 589712, 975
361, 393, 590105, 976
1867, 510, 590615, 977
493, 268, 590883, 978
934, 10, 590893, 979
1185, 286, 591179, 980
1854, 485, 591664, 981
152, 1245, 592909, 982
501, 585, 593494, 983
3666, 1567, 595061, 984
1660, 723, 595784, 985
158, 89, 595873, 986
1274, 1485, 597358, 987
144, 81, 597439, 988
372, 445, 597884, 989
277, 409, 598293, 990
2711, 304, 598597, 991
76, 1470, 600067, 992
1782, 424, 600491, 993
348, 74, 600565, 994
209, 13, 600578, 995
1142, 528, 601106, 996
1276, 1000, 602106, 997
122, 449, 602555, 998
2649, 571, 603126, 999
153, 173, 603299, 1000
2088, 806, 604105, 1001
636, 330, 604435, 1002
1639, 103, 604538, 1003
128, 185, 604723, 1004
410, 215, 604938, 1005
3953, 378, 605316, 1006
2772, 229, 605545, 1007
520, 182, 605727, 1008
3197, 452, 606179, 1009
114, 18, 606197, 1010
3956, 530, 606727, 1011
293, 224, 606951, 1012
3431, 400, 607351, 1013
3010, 1112, 608463, 1014
3561, 886, 609349, 1015
396, 1263, 610612, 1016
270, 401, 611013, 1017
2977, 108, 611121, 1018
92, 602, 611723, 1019
1137, 637, 612360, 1020
429, 449, 612809, 1021
1659, 687, 613496, 1022
3177, 234, 613730, 1023
2004, 266, 613996, 1024
3132, 677, 614673, 1025
4039, 534, 615207, 1026
45, 1405, 616612, 1027
1738, 454, 617066, 1028
892, 1776, 618842, 1029
2283, 483, 619325, 1030
352, 750, 620075, 1031
955, 69, 620144, 1032
3531, 371, 620515, 1033
1005, 273, 620788, 1034
3943, 74, 620862, 1035
309, 1798, 622660, 1036
772, 973, 623633, 1037
241, 139, 623772, 1038
891, 225, 623997, 1039
1715, 722, 624719, 1040
2574, 126, 624845, 1041
3651, 694, 625539, 1042
31, 2009, 627548, 1043
2007, 205, 627753, 1044
338, 200, 627953, 1045
1436, 243, 628196, 1046
60, 335, 628531, 1047
161, 180, 628711, 1048
1215, 752, 629463, 1049
3396, 156, 629619, 1050
677, 61, 629680, 1051
777, 57, 629737, 1052
1500, 101, 629838, 1053
2927, 659, 630497, 1054
877, 707, 631204, 1055
3652, 530, 631734, 1056
1081, 84, 631818, 1057
3487, 29, 631847, 1058
2186, 73, 631920, 1059
1867, 445, 632365, 1060
144, 1152, 633517, 1061
1608, 2995, 636512, 1062
2431, 310, 636822, 1063
85, 468, 637290, 1064
1670, 892, 638182, 1065
1342, 328, 638510, 1066
1529, 544, 639054, 1067
